150
10
15
20
9
19
5000000
3414678
2221772
1468845
4817371
1816410
4416125
3681767
1623613
1821332
2721372
3614438
3005767
4959144
286439
2478557
1615278
4353517
2110827
450197
3771841
1675641
1574074
2278005
3389462
3162451
3291847
3563788
4438470
570828
1708544
2835132
3769277
4290585
2940184
1238232
3333118
3375403
2512651
3986443
1271988
3882226
1518226
345378
111321
759513
2961348
1666016
2837712
1342171
2265875
1348102
3785611
4820138
1738326
688680
2891012
2767262
1547487
4751658
3419477
4272628
206506
4120642
3800457
4293558
2736694
4438547
238924
4778605
291276
3356950
3934087
4197589
1757877
3398491
2190281
835163
4960783
3226100
298406
52149
2661419
2061551
4325536
1526868
2198729
2631182
1535602
2159061
4551531
3674484
3883018
2424768
4912394
2627139
69351
198535
338193
4218532
4876231
4161142
2999596
2842111
4721224
4543569
4489305
1041039
2294885
4564869
1226206
2752631
532174
4372699
1510788
4290819
1266663
880601
1716040
4863045
4861616
912254
480284
509902
201846
3618843
2812363
4834674
140863
3112340
4819133
731187
864672
1876407
3454563
912016
984810
771950
3929513
1285261
4238067
3039373
3467167
1863018
4520682