64
1021615
2204160
3717235
2831707
2341912
2356882
2467893
1321714
2259501
4097985
1562152
656185
565043
2508548
4096923
3421374
4242007
850016
2789122
3454972
3843912
2142413
4807097
2359333
2508141
722516
4860195
4106895
2762955
4365565
532675
2365146
4693962
3722548
1480805
1245243
4495152
2030560
4423790
3694890
3852841
2013996
2232950
751614
3551955
2084838
1038897
57435
3014995
4822641
3949643
4041071
2759856
2395684
123127
331049
2289711
3855729
1582737
4024461
721786
348508
3110906
1741775
