95
640010
1955567
3119850
4076267
1744128
3401933
1145510
1170248
2573006
1390972
3554079
4310539
1651053
4289843
1042263
4360058
1831987
2757984
3616789
4282169
2515861
226033
3269012
1150090
937792
3379500
248088
4236797
1755034
2645200
2360130
3236112
2165028
1710255
383940
4842004
3429738
2211524
515173
935830
3562773
890198
954587
4155323
4968856
3273688
3866021
2386794
4311181
2364958
878596
189329
1443071
2692001
4427017
4103546
4577922
2314619
2552622
4690453
1080739
2373162
3506133
3768759
2641121
2175814
341080
4173367
4913809
3600244
1752030
3767200
2508410
2750949
1957707
4533121
2357768
4529728
1006053
3207075
4677522
1984798
3363290
4575651
1024687
3271646
2041673
4491375
913108
4815469
565353
863842
2006024
811214
1645105