76
3328899
2040266
581675
386655
3701504
3156586
3604491
2192710
3375111
1562816
4931561
3913387
3259861
4361086
657697
474780
2870998
3514856
2731865
4076994
3440665
3885421
1407938
755431
2500372
4648405
2704406
2029415
188211
2581
2431859
244457
3509387
4762332
3926996
2447546
1336689
2158027
187737
1295420
1006185
2256338
933508
2488946
1171694
1570270
1810366
3420020
2926759
2379115
4591282
2872488
4644339
2182999
81655
1904502
3967381
4450822
4484777
3717704
3038884
1552261
4730211
4388211
1546419
1668428
8217
68504
4255605
3332561
2949596
2783104
2279868
34600
4486897
5000000
