100
5
10
5
100
946375
6191
1471329
390
1648
1900
1847
546
1407
713
1826628
2827638
133608
2789470
692
1
1271
1116
322
1219
1517
539
1642
906
517
1061
1808
615
442
1455
795
47
4048577
429642
3442326
1148700
4378352
3792
278332
299841
198082
327165
339081
377043
127426
408705
335930
402807
315662
460922
288721
389404
339932
50434
242075
8496
165252
24266
110342
338643
489980
169149
447625
317219
57908
1723939
2214018
4593900
254523
766779
2152675
4156127
2081228
169826
424609
210237
252273
38907
324161
213289
257275
70459
451994
384595
54361
14833
241392
33742
386451
3802270
4996172
4926724
2638991
2996857
294640
2091036
